9.962405094492329738e+01
1.998133239950215057e+02
3.828474029888689234e+00
4.950346437094870211e+00
1.001356464873609103e-01
4.984333599960419470e+00
3.450637011938709198e-01
1.670237431356373127e-04
1.706126179912428542e+00
6.657391956062118643e-01
1.292410553051200018e-03
4.655700188103954913e-05
2.020459544056211865e+00
1.450009635611573941e-03
7.679360912956796083e-05
1.497099808508697925e-03
9.661193517602389136e+01
5.362941087673913898e+03
4.590940714469417685e+02
4.731841418335297362e+02
7.435285762679726759e+03
