           121.281857781111782
           120.862219814151345
           120.276927739390572
           120.486470390887305
           119.373670888379110
           120.254874282712635
           120.578863660001758
           120.144797456894764
           121.072630583397455
           121.546834382596757
           120.807430947946301
           120.403003498046672
           120.676842029835143
           121.340440065301010
           120.021352511713388
           119.873082300151182
           120.294922054372122
           118.497843265123819
           119.155728996083809
           118.962176051323283
           119.998969423037067
           122.090601084139166
           121.828776913018942
           121.793070115082898
           120.638279139881348
           121.379433179757143
           121.042070090714901
           121.222368533266348
           122.744355102704475
           120.558564291313715
           120.903579239679829
           120.799685079492363
           119.394831257568967
           120.535757711390730
           121.676238434363341
           121.189436334415475
           122.789730954271761
           123.344140889488443
           123.845030523826395
           123.814877256607147
           124.019103802474874
           124.397078961341123
           122.656559687147237
           122.404872898308838
           123.207478213404897
           122.807188174668454
           123.126836398357625
           125.119737316393199
           123.204258434697252
           123.259926474070866
           123.037754483531202
           122.423367849261055
           122.711780376231147
           121.236569000491627
           121.926535292599795
           121.564338840457381
           121.248463516261779
           121.067245202559107
           121.852473948827978
           123.400789375065116
           125.198582967926285
           126.000563019577399
           122.736158374467095
           122.032203471117299
           124.010149443617493
           120.274257568566384
           120.649385187736002
           120.504567265635984
           121.007152125536521
           120.548806537342969
           120.819657472254846
           119.729195838005126
           119.417659042102798
           119.695796681451142
           119.885352649843938
           118.828858554614030
           120.117286697331835
           119.345891500283756
           118.239849079413787
           118.027410570528758
           118.616355110301242
           119.547426839866262
           119.604891411734158
           119.715850756266235
           123.108871104380000
           120.256858505628955
           118.872092348701955
           119.423708730959518
           121.894462287367247
           122.335521034151270
           123.507569660974454
           123.871262159712600
           123.493786634144399
           121.657952484710265
           121.399826876446440
           120.003531826964448
           120.147925736931526
           120.520959264316630
           119.815451374391074
           121.332535200969261
           121.650317860391112
           121.877836373291828
           123.121218264377063
           122.937524670222075
           122.741122391434430
           122.930591478601329
           121.299843542183709
           120.599527377209540
           121.010451951840338
           119.957203914877013
           122.559341469431658
           122.229272058872311
           121.798262419970612
           121.327559965154606
           122.223635651416842
           123.295178603162512
           125.618565681184009
           124.022292800088536
           124.556517612631922
           122.230769317266848
           122.205276531159711
           121.789549839813489
           123.205043763365509
           122.843048230560271
           124.360955673581770
           122.514949973066990
           122.905795720965429
           122.552412235506992
           122.688559631505882
           122.826024421482103
           124.126543353485104
           124.020528990861493
           124.255405903162981
           123.958086307943049
           123.905900622702447
           122.273594983800805
           121.943731570742884
           120.823845842252922
           121.151076789598847
           121.920320471040753
           121.920554418792818
           122.753791939451446
           123.314861911625499
           123.441566947159558
           121.502804288006757
           121.016015052349559
           121.247175527043026
           123.389716849383902
           124.805394565843955
           124.991214648131418
           125.324869411193731
           123.051633396723233
           123.111105839290772
           121.942895667374160
           121.250117614410087
           120.417584261447047
           126.966104385163391
           124.875504526968271
           122.185223246226386
           120.986446718283034
           122.721517611374793
           122.695170413893607
           123.385720085375539
           123.103432583243531
           123.272266378410649
           123.213510400283241
           123.711994569531299
           123.083242199246612
           123.071635693651388
           122.835419427217161
           123.556861070997158
           123.253075730323545
           123.218862114013859
           124.959786832029621
           120.071526358062258
           119.395926203922883
           119.000680115196204
           122.472609778979674
           122.834953846067961
           127.233978510454733
           127.348279043420959
           123.276464509032920
           124.995497284336579
           128.643017281616807
           122.537896944149082
           122.813586109069618
           122.384192935682975
           126.727754853995677
           125.977305494855941
           126.025730706998019
           124.460233309470112
           123.827691741201136
           125.363084033918270
           125.666334369018116
           124.714294634951798
           124.440879178572587
           124.071300372128448
           125.762877272940287
           125.139764708807746
           122.985906454062700
           124.381139671219557
           123.640763366096124
           123.501366876349877
           123.314877588201938
           122.483095237407696
           123.285130164584999
           123.647265305633212
           123.544840027206376
           124.628436548911921
           124.014877284397343
           127.138459434883643
           126.264032829188650
           124.387098241610033
           124.609530085289975
           128.272004409864508
           125.737545224388569
           125.659981541501367
           125.467390267434482
           124.137697214615258
           125.071809717692759
           125.375968270944810
           126.499271613212713
           130.276931655115845
           126.537261877063997
           124.984602035259130
           124.470874683278154
           125.614545095877091
           126.361967305556064
           125.693713868440312
           124.287248495963055
           123.992232788897809
           122.535054356214133
           123.233258835035201
           123.017473272836668
           122.426715745741419
           123.721090076195310
           122.914990518129116
           122.166280149305294
           122.541486150246499
           122.642198667811130
           123.817216760879163
           127.776125458186485
           126.682354944110088
           128.207407296032386
           129.338589078259218
           130.683308098509940
           125.285350328640774
           123.800647170649398
           122.567637338729625
           122.371362592683994
           123.073759815795142
           121.804182101021738
           121.271681027133496
           123.148811794753314
           122.091859507894711
           123.256479246998353
           121.643946341526785
           124.620207706251009
           124.003767674766891
           125.612724259247472
           124.501253431747998
           124.641887545168458
           125.372477717658143
           125.435414955680869
           125.428217483340418
           125.591097991966905
           124.191053439618031
           123.496634979998817
           124.229350907615114
           124.617685055058502
           124.862179539074617
           123.980748884858613
           123.717705922256641
           125.054964832003876
           123.271471478158631
           127.294209222027902
           126.439524036354044
           125.613748033577238
           125.668091434298276
           126.743929008853925
           126.935778741059778
           125.574656776768947
           125.490909105077762
           125.516835009624018
           125.245875020769020
           124.281477621783452
           123.053106171596298
           125.139037042676051
           124.692168568763250
           124.734129806790961
           125.088253557134450
           124.088746127914632
           123.966602665225906
           125.606324039612218
           126.169955118024660
           126.584461101729161
           124.815858675499982
           125.675472901342090
           126.569584112469911
           125.508527625611734
           125.370135448733578
           125.962906150705493
           126.339266054802010
           125.410159648507829
           125.324274335540721
           124.101310622239495
           125.394871475978704
           124.122978270187787
           125.737879643373532
           124.302974748406172
           123.000284844870833
           121.585670576397860
           121.723087099188575
           123.186461068982268
           122.949506918243159
           124.149567336404829
           127.132598157500340
           126.749799867424926
           125.458390270119622
           124.691940560372032
           125.834757242124951
           126.177349790388789
           124.663818077925384
           124.895824805174158
           124.552489676648520
           123.766485979547724
           124.494346159533109
           124.687369827569185
           127.546162141899188
           124.335549797881328
           126.117586907430066
           122.584178263774390
           122.583387964890775
           121.637953083924259
           121.683122878267184
           123.490135605391288
           127.780388769027567
           128.054511964688032
           126.496951994967148
           125.195014604591577
           123.328154682241518
           123.404276437886836
           124.253708658812158
           124.195570622010919
           123.894440843395742
           126.255920839679717
           122.926689072485530
           124.620560404131780
           128.162619357269193
           126.389320346585095
           124.569294258500292
           123.673581164805228
           124.505649048150801
           122.920743285318892
           122.119735169098604
           123.835690041140012
           123.452743527075512
           123.744355553005036
           123.699035499048335
           122.645157364863323
           123.314116947936625
           123.981203444406617
           123.714355914594577
           124.255324349767704
           124.201788750061795
           124.712191559337597
           124.858670434153382
           125.455668592646916
           127.148515137041670
           128.735492701489676
           129.281916541285881
           128.641011623459576
           127.926169683476488
           126.962933177789623
           127.097796993467227
           124.672571815213402
           124.210232113932761
           124.733775739027863
           125.250862987764975
           125.815262667379670
           125.051988416503391
           123.700545503272338
           125.513286740214411
           126.515547655601040
           130.468106556736615
           130.422997072655960
           127.572487658860410
           123.484803455456415
           124.202948189703761
           124.705130521562424
           126.822867905360113
           125.494661795782562
           126.589792029167626
           124.394251978963709
           123.326659077489055
           122.547045289958049
           123.298450652262545
           123.016188008357446
           122.731377374982230
           124.506099269641737
           123.651273998018183
           123.386053796837899
           123.172295990452838
           123.748353466513720
           126.458278768339511
           124.840223639449050
           123.749042834084136
           122.579173056874524
           123.024450343812788
           125.452677188877445
           122.494017477239908
           122.092577357900780
           123.460038785137655
           122.364226596428992
           121.737476258000669
           123.208731538145329
           123.124613221198331
           125.674198108512499
           126.312435343277528
           128.613388962224775
           127.658173483975034
           127.988466890554506
           125.447229675340523
           123.593047284100351
           123.574852573747449
           122.613451200570950
           122.278989746221697
           124.054917161872126
           123.077620430872130
           124.561863488217043
           125.501016407530400
           123.591998441455388
           123.566895404983185
           127.454262513657980
           122.679637371126717
           122.246496308347517
           123.242509625406086
           126.131077362417955
           126.359227071286369
           124.297886522616452
           127.538012789321968
           127.559963792440229
           126.987495862135518
           124.677574767835395
           123.890208156155452
           123.889664028843967
           122.099452529809469
           121.730315910040702
           129.815585483538740
           123.460364250964901
           123.984113002353723
           123.751340967069467
           124.183824653997462
           124.749299825659108
           126.761817797521928
           125.000124689111530
           125.502904844873356
           127.498998834451996
           126.137172720975101
           125.028820620286993
           130.401360759269267
           129.485872639662261
           124.256553871469393
           124.459158338211807
           126.042020941685777
           125.090594326585943
           122.200987482813645
           124.206526121667366
           125.273358333237866
           124.175790090173962
           125.731081980987739
           124.587897707127496
           127.098000079753660
           128.091499313588287
           124.325642643830392
           123.524921235140425
           124.072186125633820
           122.714903608162942
           125.243074261236501
           123.580720889980128
           123.555923412054014
           124.144606199875369
           123.437517116310801
           123.077902433664249
           122.502066979989465
           123.599273962064373
           125.606552757143646
           126.254300110755906
           127.062344566551687
           127.838735005007450
           127.003254395579816
           126.386434512047870
           125.584720140819883
           127.167002765897280
           126.982534300297701
           126.989915353950877
           127.200663169938267
           126.776498779692247
           126.364122347048593
           124.466327046978833
           125.581806053684161
           129.484156814150964
           125.736626628277364
           123.885932328340317
           127.624903286788353
           126.573398345026206
           126.816248620914450
           123.342821633158977
           123.621639217241139
           124.808602289899085
           125.258624382006914
           125.505435027189449
           126.314493790865527
           125.366573033338852
           124.628657401293822
           123.491273832843461
           124.198086691858563
           123.287872228799287
           124.110676202420834
           126.706399610000105
           122.930436081423053
           124.132201810987979
           124.065683536030349
           123.684305227881751
           125.273997663552379
           124.340938808671297
           125.917708240292953
           128.425264963888395
           131.897038532066944
           130.402305998203190
           128.949738580759089
           126.551152130280755
           127.086464755946238
           124.088111151745863
           123.418681963621211
           122.998649462476067
           126.161972510158691
           125.535787442847393
           124.059967646318782
           123.422391702534966
           122.082363990132578
           122.123320460933911
           121.966188909513605
           123.100682100455714
           125.664250437645478
           124.678901649675666
           124.474002259137919
           128.648359683745412
           129.533082527888467
           127.109869346399151
           125.553037390918405
           124.199934735026673
           124.366534712281194
           123.781345384563792
           123.981917612203432
           124.033239596680630
           124.294975722448044
           125.742136528103160
           125.544699741617876
           122.182076750614371
           123.260436351008025
           122.866048703684712
           123.495257120488048
           123.945847209216609
           128.393546149197647
           127.181655410716701
           130.934435844506083
           128.211497990441472
           128.085198425897886
           126.334681638688792
           127.919816892133426
           126.976457820946180
           127.151075183547121
           125.469412217274495
           126.548890734468671
           130.320647440623361
           129.478971950499329
           128.764693947188931
           128.486147137468947
           127.059358043322476
           128.622034913147218
           126.953955270724251
           129.509034013285230
           128.842955139380422
           126.888404946822931
           123.114472013013625
           122.375068945524276
           122.320597153679188
           127.123343520547834
           121.992662295264452
           122.817760963612017
           121.892155368749002
           121.491133538332164
           122.372672088785137
           121.565494481250312
           124.674975877259442
           124.404973828574867
           123.687718116336612
           123.796381807286977
           124.877615250852799
           122.311214307086104
           122.875348772508431
           122.202143061885991
           122.406267510210824
           121.601574189806570
           123.756391385167703
           122.789011344311191
           123.169750410098644
           123.436999080984066
           122.761578393538770
           122.909693477912143
           127.196352212831854
           125.304553015039630
           125.478956216886004
           125.090046280896146
           126.198385519562237
           122.419003374853787
           122.062630708472483
           121.607990008217413
           124.858224251282437
           124.281676264024625
           123.305901525679602
           121.721358516697592
           124.806123534472221
           124.182567832539775
           122.888428269758791
           123.391414619331485
           122.473175103377073
           122.119658491074219
           120.469291611162802
           121.643868804348827
           121.146718461197935
           120.293533213999638
           121.006779874125414
           121.029053605386935
           123.224908438144411
           122.769687577786726
           121.014345688890060
           121.098072852208759
           121.111265718371783
           121.390061669618390
           121.223056383443492
           121.985460110764706
           121.922549976221092
           121.829995338354394
           122.288775624270684
           121.929345561499872
           121.948946622264003
           122.004733792553608
           123.444697331669985
           127.296469480484319
           126.012470466246455
           125.537109847631143
           122.681271319053693
           122.841873172573344
           124.664983903742296
           122.662605115920584
           122.998431613270185
           121.997852802466340
           124.490337912642531
           126.214079120283756
           124.992582877419792
           125.791195904255659
           126.014304957306720
           126.274795838925229
           127.624796495295158
           127.116048524065377
           125.507674267993593
           125.131918795795912
           124.978050919504469
           125.051458280861439
           125.093890443024435
           127.460416674510682
           124.312867165587633
           125.087496735361711
           126.551973201364419
           124.367837245704948
           122.873969043341532
           125.544800221236954
           124.045381136868897
           123.379599853759444
           123.035000654263698
           122.619125014889761
           122.677334560854788
           125.300069480078108
           124.589457795596573
           122.240449071002033
           123.999395669879874
           123.943804337872606
           123.324765714220916
           125.537026588457223
           125.096684667105791
           124.737543995342094
           123.408682059262262
           122.699212198340859
           124.700555693683299
           125.732280783326232
           125.239953275621005
           125.951949555322869
           125.905922450375868
           124.165763727320552
           124.464024793880967
           127.795813419178600
           128.330989995573219
           128.366716987571351
           124.850263459552522
           125.479752501548163
           125.877495361901737
           124.427810241961993
           122.523845612861734
           125.839218069632324
           124.282472240827218
           123.836707369122990
           125.747123649363928
           123.263708210624941
           121.669408356895616
           120.452144940332531
           122.615054978391086
           123.213429336867620
           123.288754588558518
           122.752264717329780
           123.317592227797945
           122.143017258462564
           121.732638569693009
           121.239288807479639
           122.109662443871741
           123.572646439184950
           123.565079757968221
           127.500774922610091
           123.909390983661368
           123.154629425456278
           122.477853262596042
           122.662994458983434
           126.092372296894126
           125.300507044262901
           125.309083862582767
           124.725455370025401
           124.270996753211563
           123.091427193485302
           121.686751801947992
           121.474821517536540
           122.760718801891471
           122.927614580731699
           120.413436053036250
           121.899393487097839
           122.405730395095361
           122.821631224371089
           122.307209187167032
           120.736238589260239
           123.509959776750406
           124.504474978810123
           125.918817823147577
           125.323096281151507
           123.630161369374335
           125.658066554455644
           132.183937833781698
           129.943536197629015
           130.780706402150400
           127.310137555667225
           126.458336876414620
           126.618757018703036
           126.104042614683237
           125.295719542655291
           127.897529316347558
           128.268226852337420
           128.866458560169548
           126.817549630060824
           126.884240944775982
           125.520231199980088
           128.731585171635487
           125.171225034964877
           124.095580902752317
           124.428778209137846
           125.164695532644885
           124.633750808006809
           123.873567790883541
           122.472021569277075
           122.246296021683207
           121.321661403242132
           121.772056435325382
           121.741804722097356
           121.960529741061393
           124.950087014042850
           125.933702245115370
           125.955308571290189
           124.567656527464848
           124.634489563943418
           124.287372019925684
           125.175990192969707
           127.388344538600478
           125.871577952104587
           123.094048460671161
           122.632895807645340
           124.077921109497780
           123.314788313014319
           123.025215879576251
           121.243571827085887
           123.482703503752873
           123.404156704395334
           122.422913364013255
           123.845784744897998
           122.672476528286339
           121.608714679527196
           123.448057969915368
           125.766192427230735
           123.122045951884473
           123.762290044500077
           124.215035371959829
           123.800558188442452
           123.672694947276312
           123.300847811191133
           122.944179330421377
           124.705994501441140
           124.871452487973329
           126.817918730616555
           129.254333031974284
           122.193112187275375
           123.358033992120468
           121.348107325676835
           119.919707766073671
           119.687712933464297
           121.588236596376859
           127.015670276621805
           126.225267205718197
           129.146517337262111
           129.069525702811660
           128.155933405883133
           128.549029865657985
           128.022837807672914
           126.313184631774050
           123.463887392261256
           124.238843316457320
           123.526822144624887
           122.571012887220022
           122.220664518925645
           121.768301297714160
           121.099068801555305
           122.393453830395558
           124.028117730576369
           124.128951479316910
           123.335056556476118
           121.931568656478518
           122.653747411608805
           122.961129737276110
           124.079816551819917
           122.849215113196962
           122.186076606773810
           123.687767706496203
           123.857059836885355
           124.238341050536917
           122.734958250462057
           122.710962163200037
           122.799725701416563
           122.740294173272943
           123.118515822088810
           122.549367760750314
           121.865801454480575
           121.987650522329787
           121.574928187553894
           123.460208809542536
           122.737342299383570
           123.954912835575456
           122.423910268223196
           122.855229895442889
           122.046569299828391
           122.548726542237759
           123.021019864366153
           122.126799462109105
           120.777323218611755
           120.975084604420701
           122.461465567669777
           122.617217446302348
           122.314853715284983
           124.930194521478114
           119.632093650766009
           120.152883074426057
           121.134382796283219
           121.482359685084390
           123.031664155849043
           124.138651489304777
           123.120230383384140
           125.497614245019605
           123.001783762366372
           122.985103335518318
           124.008431048901912
           123.038258590740568
           125.270949055504829
           123.760181766666165
           127.361908831818127
           128.663319983843678
           126.725186374794461
           127.206838356344051
           122.162707108454867
           122.498533512033049
           124.567593841335167
           124.007821411718396
           122.637248258918262
           123.101969882572106
           122.530384775003384
           124.494166576062469
           122.554385106219627
           122.642634767749840
           122.514510445112975
           126.022523819473165
           124.002874740996987
           124.802239602954046
           123.535351990025561
           123.960979200169064
           123.979500125880691
           123.978204390172436
           125.522730346580573
           124.511043714467036
           123.494214111541126
           124.349888245456356
           124.507804645071218
           123.533123653517166
           124.048893078840322
           125.853019322413516
           123.036297364340399
           123.081478793681811
           123.043266086717452
           122.838132480554492
           123.434760325541220
           123.236003394956370
           122.953938416905260
           122.004857478819218
           122.898121524582976
           121.782476235473140
           123.100401341015981
           123.225793373450188
           123.344133527821612
           122.098413956485899
           124.956078399068033
           123.418889992929465
           123.377785186808268
           122.741025261680832
           122.847291478345966
           124.472349741643740
           126.251369230038833
           125.281192399714143
           124.681459975788400
           123.974821542352771
           124.097308443585035
           122.114136582887880
           122.673339394684589
           124.800284665490409
           124.826857056181424
           125.428216782674440
           125.344275281797991
           123.791374566473380
           124.344375678809641
           124.212956847583655
           123.139423173818912
           123.116480715586235
           123.820630356521193
           123.395952498715417
           122.892506822879881
           125.306364219661660
           125.029840967653200
           124.681891862583782
           123.980716813736564
           123.257999582775611
           123.808558919088497
           127.557423825418553
           125.980554184928693
           124.362536306435942
           121.841802794103899
           122.380229256594703
           123.972691866100746
           122.455620187018198
           124.268631340256036
           124.878396489676092
           123.705008368774443
           123.364813983606226
           125.174685870128314
           122.949031762756121
           123.324696276139534
           124.274203201148154
           124.417024709055212
           125.212455971255423
           125.317251909184520
           123.134990505279475
           124.896851495799652
           124.271923696788448
           124.265475430769641
           123.687771876868339
           127.015551770169495
           125.779627941091832
           122.868137675152980
           123.617360483194986
           130.167140461696107
           129.060834285493542
           129.583881715374275
           131.831126547248999
           129.325158384368478
           125.023794583401198
           123.211720320880360
           124.922061455355973
           125.841426695749036
           122.126608506183999
           121.089958285039998
           120.401262804535492
           123.283329821417638
           123.184475314105669
           121.471830494001878
           121.923632167067353
           123.160502268056433
           123.154888683793232
           122.209094565519450
           121.373633589485010
           124.756970794866604
           120.667059937094052
           122.924589993902629
           123.748009637790489
           123.612213823011928
           121.933278950070161
           121.755424402071938
           122.929379736603948
           122.398823936490984
           120.289346245948067
           120.726120952207737
           120.998122376669514
           120.962410610505174
           121.619069462198496
           120.023934945164797
           120.214470425717593
           121.509985792910186
           121.126303520113467
           120.435818420663921
           121.149833333794604
           120.229307341903223
           120.087716534178938
           121.644362571950822
           121.219024314055204
           120.051553581440615
           121.566197329544110
           122.847594806784613
           120.355098072473524
           120.897061736822067
           121.357135742800480
           120.797973088055613
           120.344794056398314
           119.894344739420248
           120.008656108681706
           120.693373212332418
           121.376216689739394
           122.206560620620991
           122.597606774347682
           121.989397198283385
           122.014408970967409
           120.488585021853865
           123.234636197536560
           121.394043687077342
           119.521024356511617
           121.328616081298122
           121.942751305210237
           121.780193196719623
           122.056081117711486
           122.960387042616816
           122.418317303629365
           121.985355585139558
           120.685813478780659
           119.886588674263663
           121.673548002962377
           121.811210193499122
           121.982857403056556
           122.771774052308544
           121.916791926434144
           122.123991592870780
           124.599702982568829
           124.195840998713365
           126.487718181733257
           127.537704165455693
           127.221142336177053
           125.323806680895018
           126.083664417262383
           123.111611010376663
           122.863731050509074
           122.605182645717761
           121.722546887111250
           122.462936154584057
           125.389106964962068
           126.089812953271618
           123.751367040508839
           125.201814499627318
           125.514968860871960
           123.804184580031347
           123.404786647220249
           123.689925540180241
           123.829509092770380
           124.343561097425606
           126.758956420653291
           127.131167455349910
           125.113430939306284
           125.332614889233028
           125.930117147496773
           127.165946671235034
           124.454528771482643
           122.686883703120060
           124.048018137282185
           124.922301541881737
           123.128561446893571
           121.929917593850902
           122.548253824259916
           125.114478864868687
           123.010387726613004
           122.313064375456349
           122.387346514081131
           121.075125166603044
           121.172516417590074
           120.417625581759552
           120.852422752922010
           120.964432410249046
           120.666309149249912
           122.102237848719312
           121.851811818853889
           119.997738540527365
           120.146237538840765
           120.810260364440538
           120.341690603255813
           120.379809034457139
           119.971350488097983
           119.669996985180120
           121.858519789348378
           122.589884730066160
           122.136372603468374
           121.627299664991426
           121.644708798781309
           121.985803027224790
           122.379770666798549
           124.890462874622145
           124.114424269964502
           124.469732016163263
           123.933243039492226
           125.466946015545929
           123.321502830110063
           121.426563037240271
           123.921968712203523
           123.755827856131745
           123.962549778474568
           124.411935311661665
           123.319828355663930
           122.551245246759819
           122.130212365154790
           122.665840717901233
           122.060914871881977
           121.700704265151288
           121.588553161643446
           122.929086661142279
           120.118382453939290
           121.424440915524798
           121.033997700613085
           121.561974644032333
           121.155080995698427
           121.237517713468236
           123.898054719103357
           123.118846083466735
           121.560196434403011
           123.929023835069643
           122.246619644283371
           122.139663506780906
           120.896953416829305
           120.467346052632436
           120.346908579084484
           120.134514665970400
           121.151254307077110
           120.889435334615015
           120.720090501310210
           123.219560555911883
           120.667103754020374
           120.713956762097666
           120.399071620743428
           120.298255442997231
           120.766103680166324
           123.363665747987440
           123.600980709655516
           123.645318304507256
           123.678404342663214
           121.777461497229950
           121.319164917309436
           120.218736436015604
           119.141367585951087
           119.952969151250102
           125.162754767109845
           122.427665611957508
           121.874604851852496
           121.508079723019947
           121.519375406090916
           120.683447743086319
           120.679543080354833
           120.357045412632573
           119.973696574925739
           121.481647803594996
           121.776932642753451
           120.895761683136996
           121.573575390440624
           122.528606252975663
           122.562406413983183
           121.812223709646929
           122.915536797422064
           124.592178312713258
           122.007995856330297
           122.083076491248704
           121.275549687100096
           125.869669403406562
           123.993797955702050
           123.995153544789744
           124.007742245207595
           121.256371225321232
           121.451987353664023
           120.677895151474502
           119.837711409072242
           120.562500741640278
           120.707108673079787
           121.986567726590309
           121.936011017703350
           121.016054247876980
           121.563278207270400
           124.381243937724037
           123.223478819075837
           122.118182894937846
           125.037352882833943
           123.591700474659461
           123.163894086015134
           122.721513838045553
           122.103208430869373
           121.026667564938720
           122.132525656876666
           122.733790776937212
           125.672386137473922
           126.096593855090873
           125.359757381189240
           125.766285358849359
           125.568897455428981
           123.597710682281246
           122.594214956952499
           122.603614544626737
           124.343785556555474
           124.659282335560349
           123.111245687832280
           122.214823760723277
           125.236591544227323
           122.335477704667525
           120.472853456358493
           121.432700910009956
           122.738250593335138
           124.222115936471354
           123.304081115368348
           123.197495722299863
           122.046299435376639
           122.020659101166828
           122.380941135296666
           121.626303281190943
           124.376740296613050
           122.977917416147989
           124.347840336558036
           124.371060779630952
           123.540642012552652
           123.307150375409421
           123.112604595035251
           122.992077598881409
           123.606103205485454
           122.806710164142970
           123.020264548717122
           122.749471850486898
           122.859713937937514
           123.349657305476441
           122.749011824860375
           122.752276740380793
           123.574852616761902
           123.852767265032412
           124.771088408890748
           125.136476579321467
           124.940288611053091
           124.557194049889517
           124.105743035541693
           123.091841907000386
           122.826982223048148
           123.187528922167814
           124.312090647542746
           123.172451232742731
           120.567790785852793
           120.307149827813973
           123.273512192988406
           121.492819098000837
           125.696518684649050
           120.748782111573817
           122.575773735260896
           122.419049565242972
           121.180574567548049
           120.569944923919152
           120.755539464850898
           121.760215493999496
           122.189307966921987
           121.054546171533786
           120.111197007978575
           120.813640861919311
           122.237870089348050
           122.477926830724485
           120.580684050726916
           120.103907431239975
           124.816248815154239
           120.488510672280697
           122.870487097262696
           120.097477466959845
           119.219077243276260
           119.151361542121450
           119.922484914466679
           120.021117534475124
           120.996713914114991
           120.147805405364323
           118.972406452680858
           120.221940869972840
           118.474063328373404
           119.165382517638818
           121.251649821569544
           121.360693030735490
           119.382529481112300
           120.768888908689661
           120.312898297044654
           121.215027261338832
           123.392920412061400
           124.965898881902817
           123.073987768084393
           122.451208129988231
           121.017863628532723
           119.266645638224162
           120.446540755888734
           119.163986716894669
           118.714125958932385
           120.138820267061931
           119.741865931373439
           119.575132045903658
           118.693022723719537
           119.918343225714835
           118.496195239557551
           121.237906990568732
           120.679942217490137
           120.155629670482909
           118.801988047850003
           120.904419746466615
           126.035967063364879
           121.819628909587223
           120.562123946983164
           120.361185238151322
           119.712416556861868
           120.156728301157813
           119.708954495226919
           120.487153583015512
           120.782523214092222
           120.592586617850415
           120.248513497208776
           120.114008436003985
           122.878334062714671
           121.502976294329187
           120.634131133741960
           122.077808462786393
           123.323600916398959
           123.183758006572873
           123.089708949246159
           123.877393021958923
           124.345337902279141
           122.977628843637802
           122.304014120448230
           121.884185476321306
           123.859159648804408
           126.024634154916853
           125.730818135375458
           123.230194600594089
           122.421618089599988
           122.626668232474785
           122.319069030363693
           122.434764159635151
           122.455997188390327
           121.701462876094368
           123.849774795344430
           122.204434494569568
           122.589043877676801
           124.518392019722342
           122.198113125670460
           119.881575965946837
           120.783613760497673
           120.948357734829941
           121.306230163438343
           120.346788011916729
           121.937753944346682
           121.899987186123028
           122.909694539365717
           123.899388334674398
           125.562921815030805
           125.379097460607170
           124.250805283766837
           123.892933297469654
           124.370188382696995
           120.825691408851128
           120.389439738180442
           120.142793624601822
           120.155061988556227
           120.543571200123267
           120.257037365183734
           120.127468369113231
           120.127507022649226
           121.779474306233723
           123.286462935101198
           123.743788248879312
           124.433162115449335
           121.229459549184725
           121.258525614529205
           121.583056023233269
           122.129335877727215
           120.196029942421134
           119.920297062319321
           118.691739414767284
           120.078675479921372
           119.362776854062702
           119.437195669342458
           120.131108706198390
           121.849523608126759
           120.264285756932878
           121.617573532614614
           121.316586306646656
           119.704991054974144
           121.664281036563949
           119.820798065243380
           120.969768685908434
           120.687753689335892
           121.826520518936732
           123.599201205343945
           123.875241487363311
           123.424164149838035
           120.193388029119262
           122.106609620513211
           123.559848843801561
           121.010797339992109
           121.032826729099355
           121.069935219658731
           120.789865654662236
           120.669750524261218
           120.109530299875118
           120.380215171809979
           122.131787305215994
           122.051844960847774
           120.576507875958598
           119.937215649741688
           119.527630691137389
           120.649306862655010
           122.682574113798154
           122.915082601669411
           122.774340671131725
           121.636297200253452
           122.553021312220196
           125.180353572527764
           124.032061110459523
           124.577161363282784
           125.047088561040553
           125.192081332118661
           123.441478965600595
           122.049257698657755
           121.966128274760067
           121.866992165912094
           123.082941744765051
           121.852754036345004
           120.833449263053581
           122.882582014802935
           121.978302473933567
           124.212432084367904
           123.416983999653965
           123.018213674350775
           122.203453469876166
           121.464257461548911
           122.098391861696257
           121.825372694297741
           123.831327052428293
           124.079858846119251
           129.597961278589622
           121.910411817541060
           123.270980434494888
           121.794017390594007
           119.730020653063008
           119.406145359439165
           118.727238905426290
           119.551505691407911
           121.164365057525146
           120.350723752756480
           119.885758621110455
           120.527484366772896
           118.980231822187164
           119.377432769512524
           119.957499870711771
           122.288145034451389
           122.419551637743382
           121.412285719812786
           123.132200453555441
           122.215824461922423
           123.176971518469870
           124.203293304307493
           124.722312156655192
           131.296696470556583
           129.624830835290879
           130.114958970182613
           127.976045310154404
           126.735687598218817
           127.784720232021627
           127.489040780424546
           122.745102048381810
           122.979890074386915
           121.909654583255985
           120.601798503158591
           119.480396166755213
           122.047231834029290
           124.814107451999377
           125.161201929062457
           126.904674671705820
           125.760232975629691
           125.423005349176421
           124.368551157646024
           124.138744095751065
           124.029429107974380
           122.512241513839385
           122.684706832094875
           122.534530176003670
           122.731291888668110
           122.583541192201480
           123.820849702350117
           122.446881724754348
           121.518137356071307
           119.938693610922542
           120.919764584167027
           122.043890356421500
           120.143230708818521
           122.284340480953475
           120.829276560062013
           122.055661473959688
           120.462789099201657
           122.646696412733462
           121.885114477989731
           118.988847800224818
           123.143796995272879
           121.555513498402462
           121.175863034178192
           120.174266738280949
           118.911080572660055
           120.874042264773095
           123.410394387746223
           124.092619936280656
           121.573828419338483
           126.290986551441250
           127.849926185941740
           126.112609893251033
           124.783035383906750
           123.706949560190637
           124.526446879881775
           123.525984709947579
           121.921954729188613
           120.690739347928471
           118.859561589479270
           119.033852659234853
           119.114570902256034
           119.136389290261761
           118.916844812738034
           121.112338686422987
           120.727289013604249
           120.741608439372925
           121.194233311649924
           121.268000688855096
           121.580811919881597
           120.778825121063036
           120.372749478221721
           120.793023074277158
           120.892669301602652
           119.641133668830832
           120.414228927741831
           121.064179837756342
           124.938985623236164
           123.148188009138053
           123.813176909136189
           121.981903874853103
           121.318305670001166
           121.412505780351481
           122.082829857547878
           120.892816171482025
           121.258580880843851
           121.046036723191136
           121.652227577942739
           121.586027261824853
           121.567927124234160
           120.816509526464813
           120.582229631009085
           120.757484420013583
           123.588088124576331
           122.412597316918138
           123.827365741964414
           125.407838508042943
           124.394338196447663
           125.941156805765488
           125.232951768220005
           124.260926011309365
           122.824229102139611
           121.837324485735152
           121.238119102257272
           121.109097219362297
           119.987408442083563
           119.671783148957630
           120.270532787732009
           120.259598372794642
           119.177629423308787
           121.870577941967312
           119.966026200202421
           120.544297676700339
           121.663708815346624
           120.873089699656504
           120.202141627966569
           119.652416781221760
           120.343428659102528
           121.682375489689235
           120.134058702717141
           119.338703067532691
           119.660712769634642
           120.569663697402731
           122.679656579473303
           120.956627294699118
           119.917491592125145
           118.764168508334947
           118.641407431114800
           118.344705285624940
           120.566866916070296
           120.691421494085304
           119.999400931530559
           120.198430991861116
           121.168341457440221
           120.904027605979692
           124.929515227704471
           121.316237110479705
           121.587747174128211
           120.099753471060609
           120.688926725256053
           120.998957408145500
           121.944383592673290
           120.090605646166793
           120.371034489224030
           120.013942689769209
           120.728048281131080
           120.972500431310749
           122.640321423865771
           123.285209953392268
           122.774352511613145
           126.418341366958771
           127.090878122357893
           129.447457764230705
           130.572419416321651
           125.191953725357777
           123.614569889412337
           125.360766174217687
           124.259481934630870
           121.615289885355523
           122.438277869280029
           121.977580797037717
           123.273384250844089
           123.151419708515618
           123.303892355720038
           121.709245342531190
           120.117291057174526
           120.840814548088375
           122.824763976525389
           123.386754754243270
           121.278327031231555
           121.309356876280248
           122.145515749260866
           123.587891099220855
           125.293482833497805
           127.190916636497079
           124.348305519717428
           120.811517959041012
           121.583669321396727
           121.111549238858132
           124.164294413838832
           123.952692011162313
           124.612534376227416
           124.284429726595903
           123.438091758518837
           124.094867264865357
           124.048801438924443
           122.962041170594560
           122.982336084853330
           122.475938052154277
           122.645299694164990
           124.133424082849672
           122.305096040149209
           123.925996089583975
           124.921401654861839
           122.409114917838949
           124.680870850647693
           124.556403653433492
           121.658656663884344
           121.952083392369332
           122.398347402596656
           122.329288309180583
           122.746872524047475
           122.593216700427078
           121.642533521577960
           122.019734781214666
           120.765373366635870
           121.216667387733267
           122.995652727468453
           124.290741507820698
           123.790985254584612
           123.352848921731578
           122.767514934440101
           122.431175777780879
           124.050261926764904
           122.431942170604358
           121.618390139333158
           121.832834895608087
           123.190769429509118
           123.379722944236534
           124.989738441290783
           123.495551925368446
           123.544685618829433
           123.990653992602617
           125.676416818002892
           124.740493064860445
           125.861217825424973
           122.652451392918763
           121.907334288292844
           125.915644267610276
           126.256946505146161
           126.744781141981704
           128.160708361961071
           126.333028477035640
           124.149500521401109
           123.863300032377680
           123.800956796552157
           125.430794839301825
           124.314168583985605
           123.684105421074932
           124.244183717065724
           125.135194953544456
           125.561114380193061
           125.629153837477105
           124.689408555252001
           127.500600547796040
           127.884613047369783
           127.825521268478113
           124.347360100012835
           123.690949611104401
           124.391361807543419
           123.992185599134928
           125.670435999736995
           126.473404107433325
           127.540853136381315
           129.022187652835868
           131.021649863067381
           129.158772489412030
           128.790523144530226
           131.130612478688192
           130.354635813275706
           130.606618320604099
           129.943513649549061
           128.541721130415851
           126.077664082119014
           126.015100592245105
           126.551712805315191
           125.786276771565312
           125.803310175418815
           125.248042944574138
           123.345131468756975
           122.678276072414079
           121.850647055997939
           121.936195235901138
           121.950533513847205
           121.641958767204969
           126.540241515788679
           123.338974614030505
           123.510228828188374
           125.360283179817955
           125.427156315649782
           126.084472998876635
           121.265067200909542
           120.858759987624254
           121.637293214091770
           123.115426403091362
           122.785283809314379
           123.133934512739074
           122.166717742588844
           122.306143849413886
           122.280579437325116
           121.739766984638550
           123.114115669327163
           122.018094081545499
           123.064698733045589
           125.673219679761672
           125.938623116954261
           126.870671807971377
           126.594783484682281
           126.864138568531871
           125.892282064345181
           122.058197512793086
           122.167406823120771
           123.230125276892082
           124.001857612028317
           124.058969370217355
           123.980432447232644
           123.204438979644280
           123.605955527536850
           122.598910117690252
           120.965124632470065
           125.656905359305114
           122.551558605932300
           122.731274182494161
           123.813799390471829
           123.995601352279436
           124.325261743086642
           127.104213159646918
           128.803342585765563
           128.709583743249397
           129.425898472162118
           128.742214677423931
           131.430230032392643
           132.766145915937813
           124.434431041834159
           122.803914471064431
           122.639033405898246
           124.669193260392632
           122.371144269222015
           120.853600457362461
           120.651336213467516
           122.206143201113321
           120.508249005723556
           120.869070103903155
           121.185952489469017
           121.476533003270148
           122.035353249618197
           121.646994165091570
           120.151519818655117
           119.982570666115365
           120.063507800190649
           119.547767938007425
           121.529073129374638
           121.366692143860206
           121.469177058123037
           121.368381919858109
           121.111032023251155
           121.004976162635074
           120.965707750478572
           120.260911518849866
           120.899542772514010
           120.682339376640286
           121.798405203799206
           120.595804202235044
           119.829704169453819
           121.174042718255905
           120.784708401229295
           121.645467407722379
           123.382018394510780
           123.457240895066192
           120.648021302518927
           121.566981681375168
           121.751303203023468
           122.468347033350256
           122.151464845931741
           122.056183025504367
           121.876446532975791
           122.648373453132535
           124.040624968860058
           125.838326995762358
           125.512335327313409
           123.648331542343470
           124.255441940902216
           126.879630695648132
           126.520677452408393
           125.605551825356031
           124.641882837003195
           122.299846578722935
           124.071105374677259
           125.488925028425797
           125.619832415790626
           122.248385285179126
           121.275221908155245
           121.004119421042660
           120.439410793390962
           121.406117840378542
           121.910125478452329
           121.735110840695086
           126.575444900775238
           124.943790690594639
           126.855506972903328
           123.525757690214647
           123.107210768069962
           122.459060581143746
           121.833057226100408
           121.333992268529755
           121.177521464642879
           120.415075809729174
           119.717449287589019
           120.015843385072259
           119.407440815336969
           120.700718119404769
           120.466276945664831
           119.730326570800941
           119.245909828038833
           119.147982841222188
           120.374234967432997
           119.460309999463277
           119.996835274306036
           121.029142307695608
           122.936122108065248
           122.370146015936371
           126.371398749250389
           123.587955872807214
           123.644921387428440
           120.691403529555060
           121.844262830365011
           123.000060171168357
           122.646564297293111
           122.903834124391039
           120.198665029569582
           120.253260464767692
           120.920647388712311
           125.925574451273278
           121.222201467064551
           120.832456171529060
           121.062372700919198
           121.631065674153589
           119.931736719711267
           121.380251520655605
           121.784712140197954
           123.075765575307926
           123.742846327230936
           122.851300315397339
           124.167762893009240
           121.360197425672823
           121.496855596253781
           123.826631621088509
           125.368257248655269
           125.675970222784699
           124.073545783951715
           122.829991938563452
           121.465198492343248
           120.607063932401417
           120.681478995919889
           121.697191798886479
           122.351108133483379
           122.267222907075421
           122.074649814030423
           122.200363917619995
           121.793612100834991
           121.423320882829188
           120.841131165662460
           123.521826428635592
           121.956519772320505
           122.126948221910311
           122.599405304963014
           122.449831116226306
           122.904072543368798
           122.435031272248253
           122.146377115427953
           120.870733446167293
           120.954230668806659
           121.309864233779095
           121.473411327124168
           123.169747416905295
           122.912058948464846
           122.068824056271737
           123.012483323066590
           122.543249389316614
           122.521155777168403
           123.726307011174256
           123.099995561014623
           122.270822815084657
           121.157430337934713
           121.437594091648251
           121.024660042071119
           121.707489012332076
           122.857825020455508
           122.869572701843992
           122.406094381325389
           123.846018374650015
           122.444998335247107
           123.494733452819091
           121.556882100148201
           125.226050111425920
           125.598790686239226
           125.881848290461164
           124.361778063711370
           124.368857646678535
           123.163870715181716
           123.842513529581808
           123.583850960333834
           122.169116171713895
           121.547740485938149
           123.000414778908493
           123.005018379991313
           121.504471061742095
           127.357202345059818
           124.169626762453916
           124.190805034256186
           123.156537696928154
           124.133748790121373
           123.126637674152207
           120.792901432018326
           121.463009638836866
           123.519832798442863
           122.838905769504834
           123.326533605704526
           123.112968636367711
           123.374295043127333
           125.496349933682907
           122.375591769647627
           124.327062970264677
           123.612134844761485
           123.441965954389332
           122.037816927471653
           122.123040004166754
           122.860731906898664
           124.580105420735777
           121.790825496928818
           121.239733970865387
           122.124394123077337
           122.296535722988224
           123.108499019145626
           123.428007784893282
           122.101363698447287
           123.461749705615986
           121.352201145971833
           121.309747036338166
           122.679052084066058
           124.354314741125677
           124.614713802568446
           122.890089132563730
           124.131494631888842
           122.639325393365723
           124.389144369914433
           124.993675105444083
           124.188149684328735
           126.179226543396013
           123.355509630732215
           124.370218985510633
           125.030278252773300
           123.766047415123367
           122.379477973037851
           123.263103360540768
           123.132936097982494
           123.646171676171235
           124.402351133088672
           125.479806096249078
           126.801917048222464
           129.266850685538600
           127.613361459949644
           123.751596865711434
           125.139832253691509
           127.002097851143162
           130.516665068835636
           130.986919244367130
           131.159274239660164
           130.910833578500331
           131.073093883778995
           131.143191677246676
           130.361723551372990
           129.399903665324956
           125.019748680184478
           126.136755361423297
           127.352193833583129
           127.491443031577219
           126.811006654038962
           129.446393356963199
           127.899215660685783
           128.472146410418532
           127.879372593112976
           126.910971662898092
           128.095914183368222
           127.049224667073617
           125.138389219968261
           124.178458802557614
           123.947539705001660
           124.196266555505289
           124.609008419849729
           124.235002701160965
           125.250352733192585
           123.655328391983431
           123.717887609556954
           122.457586520893742
           123.704496578646911
           120.834318593257166
           122.941604113051355
           122.356107131156563
           122.027031468288101
           121.292697571857616
           121.801919128453619
           122.224290475288015
           122.861275344112357
           126.116327318805190
           125.242497525433009
           125.360240293187886
           121.404618974832161
           121.159632213889083
           123.285942123008240
           125.981004179943199
           120.695622417906236
           121.044839570099811
           120.062515475898962
           120.075277607397695
           121.516426694810349
           121.067297390696055
           121.247209831636184
           123.259926341739529
           120.936744906959277
           121.884077298165224
           122.886515127589803
           122.189519976096733
           121.358426575436965
           120.552425225958586
           122.945572533121549
           121.718143308310204
           120.986240706865601
           119.615308877462283
           122.013952208739425
           124.706351758598203
           126.970161840604547
           123.252819951271547
           123.985697838276721
           124.588964082662741
           122.593382934329711
           122.652816129869123
           122.139003250736380
           125.004666105102544
           121.464022728931624
           122.361749884889733
           121.231932708645374
           121.926816046318535
           121.770057334090808
           121.241932105341405
           122.181872705095856
           123.441008964481568
           123.519274723973552
           123.391388425323115
           122.653669555629591
           121.694596190702526
           122.322702731414509
           124.199691661584410
           123.761229886187365
           125.560478696409135
           124.693019451114409
           124.535557141108555
           124.262401408118606
           124.980847014961057
           124.001347285559632
           123.227210416981578
           123.382747174852909
           124.127613978861319
           124.467065160454368
           125.247148129642412
           122.670841603302094
           123.846936260047457
           122.531592467133308
           124.484123286320582
           129.923974299436196
           124.241677096048903
           123.458890237822260
           121.539423262410438
           120.567897379387304
           122.774965145380264
           123.081834925807001
           122.491543506574203
           122.704064555621429
           123.082089540343944
           123.352051831211014
           122.282236162399784
           122.852010029796531
           124.532769151237943
           122.819405176125628
           122.788039977554931
           123.376194511245473
